1
1539
9
1034
11
1547
1548
10
1546
1553
19
1560
1053
32
37
1064
40
1068
560
49
52
1077
1078
1082
573
63
1601
1090
73
1100
1101
608
1123
612
1637
1638
1127
1129
622
1135
624
1652
636
1665
1667
1669
137
139
680
169
1198
181
183
1208
1211
192
706
1221
201
714
723
212
216
220
1251
741
1258
753
760
251
1275
763
256
1286
1295
790
1312
801
1316
1317
808
297
1322
1324
304
822
1335
824
315
317
1343
832
339
1363
348
349
351
353
872
365
1393
1397
1399
377
1403
893
383
901
908
401
405
918
917
1443
934
935
941
1453
951
952
956
1471
966
1488
468
471
484
1511
1513
1005
1522
1526
1015
506
510
1023
